[array([0.688901, 0.57789 , 0.466789, 0.355678, 0.744567, 0.803456]),array([0.688901, 0.57789 , 0.466789, 0.355678, 0.744567, 0.803456]),array([0.678901, 0.56789 , 0.456789, 0.345678, 0.234567, 0.123456]),array([0.678901, 0.890123, 0.012345, 0.456789, 0.56789 , 0.678901]),array([0.111111, 0.333333, 0.555555, 0.777777, 0.999999, 0.222222]),array([0.27262382, 0.32449536, 0.89710881, 0.83295115, 0.15406269,
       0.79586362]), array([0.54300258, 0.9246939 , 0.34156746, 0.64648585, 0.71844033,
       0.34313266]), array([0.09083225, 0.66152938, 0.06593091, 0.25857701, 0.96345285,
       0.6402654 ]), array([0.11886697, 0.61505494, 0.90581639, 0.8553003 , 0.41363143,
       0.58523563]), array([0.63021764, 0.8380969 , 0.68001305, 0.73189509, 0.52673671,
       0.34842921]), array([0.76491917, 0.25588292, 0.60908422, 0.21807904, 0.32294277,
       0.09579366]), array([0.05789554, 0.49167222, 0.24742222, 0.21811844, 0.42042833,
       0.73096984]), array([0.19525188, 0.07922665, 0.55458046, 0.17056682, 0.01494418,
       0.10703171]), array([0.64230298, 0.83687455, 0.02179269, 0.10148801, 0.68307083,
       0.6924164 ]), array([0.78994255, 0.19554501, 0.57562333, 0.07365919, 0.25904917,
       0.05109986]), array([0.52849733, 0.45742436, 0.36009569, 0.36204551, 0.81689098,
       0.63747637]), array([0.72261522, 0.01181284, 0.06364591, 0.16517311, 0.07924415,
       0.35995166]), array([0.07566492, 0.33450212, 0.13273274, 0.60831236, 0.91838592,
       0.82233079]), array([0.94245084, 0.37743962, 0.48612233, 0.22879108, 0.08263175,
       0.71195755]), array([0.14864702, 0.03394336, 0.72880565, 0.31606646, 0.02176938,
       0.51691776]), array([0.81711239, 0.54816823, 0.10334758, 0.12436955, 0.72823482,
       0.44967361]), array([0.41762629, 0.06409998, 0.24566877, 0.5590408 , 0.19153138,
       0.25464092]), array([0.72628566, 0.46489581, 0.92457051, 0.8072454 , 0.6354384 ,
       0.14341787]), array([0.31981043, 0.52009759, 0.29067775, 0.87670668, 0.49503469,
       0.6190825 ]), array([0.87987128, 0.39796199, 0.00363456, 0.95699064, 0.26451373,
       0.11486924]), array([0.54124078, 0.63140314, 0.03190205, 0.44998156, 0.79865282,
       0.63370429]), array([0.22634792, 0.11502581, 0.82474966, 0.94538372, 0.90531153,
       0.95101392]), array([0.68685257, 0.04101721, 0.00757301, 0.285009  , 0.69156848,
       0.6555429 ]), array([0.17597754, 0.6244165 , 0.29554198, 0.46955276, 0.09776977,
       0.72814108]), array([0.88164674, 0.20445019, 0.41447436, 0.42038468, 0.26491501,
       0.73066019]), array([0.06661051, 0.52804507, 0.8160952 , 0.96101714, 0.08650933,
       0.77778822]), array([0.93246638, 0.48881189, 0.25860774, 0.95624344, 0.19042781,
       0.51985176]), array([0.84686697, 0.14242917, 0.06066859, 0.75629213, 0.5523983 ,
       0.08130609]), array([0.80628208, 0.32412237, 0.72607601, 0.14871213, 0.7193764 ,
       0.36288398]), array([0.47682313, 0.34094195, 0.01433523, 0.88013956, 0.9986547 ,
       0.07966402]),array([0.17386 , 0.058491, 0.57065 , 0.161359, 0.938763, 0.718585]),array([0.666666, 0.777777, 0.888888, 0.999999, 0.10101 , 0.20202 ]),array([0.3 , 0.77, 0.41, 0.62, 0.18, 0.85]),array([0.145678, 0.398765, 0.289765, 0.612398, 0.478123, 0.301245]),array([0.1 , 0.3 , 0.5 , 0.7 , 0.85, 0.95])]