[array([0.78666 , 0.893485]), array([0.612925, 0.78113 ]), array([0.253968, 0.658728, 0.103061]), array([0.338044, 0.385334, 0.353662, 0.496641]), array([0.516366, 0.65477 , 0.26334 , 0.459342]), array([0.680967, 0.714716, 0.285988, 0.319719, 0.279469]), array([0.17386 , 0.058491, 0.57065 , 0.161359, 0.938763, 0.718585]), array([0.181722, 0.540285, 0.203534, 0.15576 , 0.861309, 0.638851,
       0.118838, 0.478937])]
[array([0.412345, 0.678901]), array([0.123456, 0.987654]), array([0.234567, 0.345678, 0.456789]), array([0.56789 , 0.678901, 0.789012, 0.890123]), array([0.321098, 0.432109, 0.54321 , 0.654321]), array([0.111111, 0.222222, 0.333333, 0.444444, 0.555555]), array([0.666666, 0.777777, 0.888888, 0.999999, 0.10101 , 0.20202 ]), array([0.30303 , 0.40404 , 0.50505 , 0.60606 , 0.70707 , 0.80808 ,
       0.90909 , 0.010101])]
[array([0.742, 0.218]), array([0.315, 0.684]), array([0.51, 0.33, 0.79]), array([0.62, 0.41, 0.27, 0.88]), array([0.45, 0.56, 0.39, 0.71]), array([0.68, 0.24, 0.52, 0.36, 0.91]), array([0.3 , 0.77, 0.41, 0.62, 0.18, 0.85]), array([0.58, 0.43, 0.69, 0.21, 0.76, 0.34, 0.87, 0.15])]
[array([0.312456, 0.684321]), array([0.457812, 0.229876]), array([0.612345, 0.398712, 0.187654]), array([0.523456, 0.73421 , 0.145678, 0.398765]), array([0.289765, 0.612398, 0.478123, 0.301245]), array([0.712345, 0.398712, 0.187654, 0.523456, 0.73421 ]), array([0.145678, 0.398765, 0.289765, 0.612398, 0.478123, 0.301245]), array([0.712345, 0.398712, 0.187654, 0.523456, 0.73421 , 0.145678,
       0.398765, 0.289765])]
[array([0.125, 0.875]), array([0.3, 0.7]), array([0.2, 0.5, 0.8]), array([0.1, 0.4, 0.6, 0.9]), array([0.25, 0.5 , 0.75, 0.95]), array([0.15, 0.35, 0.55, 0.75, 0.95]), array([0.1 , 0.3 , 0.5 , 0.7 , 0.85, 0.95]), array([0.05 , 0.2  , 0.35 , 0.5  , 0.65 , 0.8  , 0.9  , 0.975])]
[array([0.348912, 0.651087]), array([0.789654, 0.210346]), array([0.456789, 0.56789 , 0.678901]), array([0.123456, 0.654321, 0.345678, 0.876543]), array([0.234567, 0.765432, 0.456789, 0.987654]), array([0.321098, 0.54321 , 0.765432, 0.987654, 0.109876]), array([0.111111, 0.333333, 0.555555, 0.777777, 0.999999, 0.222222]), array([0.135791, 0.246802, 0.357913, 0.468024, 0.579135, 0.680246,
       0.791357, 0.802468])]
[array([0.412345, 0.678901]), array([0.523456, 0.345678]), array([0.234567, 0.456789, 0.678901]), array([0.345678, 0.56789 , 0.789012, 0.123456]), array([0.456789, 0.678901, 0.890123, 0.234567]), array([0.56789 , 0.789012, 0.901234, 0.345678, 0.456789]), array([0.678901, 0.890123, 0.012345, 0.456789, 0.56789 , 0.678901]), array([0.789012, 0.901234, 0.123456, 0.56789 , 0.678901, 0.789012,
       0.890123, 0.901234])]
[array([0.312456, 0.687543]), array([0.458321, 0.542789]), array([0.223456, 0.654321, 0.789012]), array([0.134567, 0.245678, 0.356789, 0.46789 ]), array([0.54321 , 0.432109, 0.321098, 0.210987]), array([0.112233, 0.223344, 0.334455, 0.445566, 0.556677]), array([0.678901, 0.56789 , 0.456789, 0.345678, 0.234567, 0.123456]), array([0.098765, 0.109876, 0.210987, 0.321098, 0.432109, 0.54321 ,
       0.654321, 0.765432])]
[array([0.330456, 0.704543]), array([0.472321, 0.528789]), array([0.230456, 0.664321, 0.820012]), array([0.145567, 0.258678, 0.368789, 0.48089 ]), array([0.53521 , 0.440109, 0.330098, 0.930987]), array([0.120233, 0.235344, 0.346455, 0.457566, 0.568677]), array([0.688901, 0.57789 , 0.466789, 0.355678, 0.744567, 0.803456]), array([0.108765, 0.119876, 0.230987, 0.341098, 0.452109, 0.56321 ,
       0.684321, 0.795432])]
[array([0.330456, 0.704543]), array([0.472321, 0.528789]), array([0.230456, 0.664321, 0.820012]), array([0.145567, 0.258678, 0.368789, 0.48089 ]), array([0.53521 , 0.440109, 0.330098, 0.930987]), array([0.120233, 0.235344, 0.346455, 0.457566, 0.568677]), array([0.688901, 0.57789 , 0.466789, 0.355678, 0.744567, 0.803456]), array([0.108765, 0.119876, 0.230987, 0.341098, 0.452109, 0.56321 ,
       0.684321, 0.795432])]
[array([0.320456, 0.724543]), array([0.482321, 0.518789]), array([0.250456, 0.664321, 0.800012]), array([0.145567, 0.278678, 0.388789, 0.480899]), array([0.53521 , 0.440109, 0.350098, 0.910987]), array([0.120233, 0.235344, 0.346455, 0.477566, 0.588677]), array([0.698901, 0.57789 , 0.466789, 0.355678, 0.754567, 0.793456]), array([0.108765, 0.119876, 0.230987, 0.351098, 0.462109, 0.57321 ,
       0.694321, 0.785432])]
[array([0.340456, 0.714543]), array([0.462321, 0.538789]), array([0.240456, 0.674321, 0.810012]), array([0.155567, 0.268678, 0.378789, 0.470899]), array([0.54521 , 0.450109, 0.340098, 0.920987]), array([0.130233, 0.245344, 0.356455, 0.467566, 0.578677]), array([0.698901, 0.58789 , 0.476789, 0.365678, 0.754567, 0.793456]), array([0.118765, 0.129876, 0.240987, 0.351098, 0.462109, 0.57321 ,
       0.684321, 0.785432])]